60000 784
3
1
0
100
1
25 25 1
1
13 29 10 19 29 25 22 30 10 15 4 21 27 29 8 28 27 7 4 20 20 19 17 13 17
22 2 4 7 8 1 6 3 21 15 3 5 12 19 3 9 16 20 3 26 7 13 19 18 2
16 29 23 25 28 21 28 9 22 13 29 26 8 14 30 4 8 3 6 9 18 10 25 5 15
1 13 26 6 4 16 4 6 8 23 21 12 15 3 27 2 14 21 8 9 9 11 9 28 7
23 3 20 7 10 4 6 1 28 16 18 10 17 23 16 1 25 15 2 26 23 28 27 19 14
15 2 5 22 2 9 29 3 28 14 1 16 3 4 8 19 4 9 16 27 24 10 22 23 25
4 14 28 4 27 6 16 14 10 7 10 8 13 21 21 10 22 12 26 28 20 6 16 8 21
27 3 15 26 19 30 30 22 7 1 16 2 16 24 16 13 17 26 2 12 24 29 4 27 15
20 24 16 23 23 8 27 20 22 13 10 11 25 21 15 7 25 11 21 26 9 28 12 10 11
22 7 1 1 7 16 4 21 17 13 26 20 1 21 4 27 9 25 26 14 11 12 11 21 3
14 23 7 20 5 17 4 23 12 21 22 4 4 16 6 29 1 25 17 14 12 16 15 8 15
7 16 7 9 3 12 15 29 19 9 26 9 19 20 22 23 26 9 8 30 19 3 15 12 29
23 14 17 26 23 12 15 15 29 6 30 18 15 18 27 11 23 4 15 13 18 14 3 3 21
8 7 20 4 20 30 2 14 14 13 9 9 25 23 12 2 25 16 7 15 1 1 9 24 14
15 23 6 9 25 12 19 5 17 15 4 4 24 3 18 9 4 14 15 30 27 13 12 24 11
12 7 28 10 8 14 17 2 23 29 4 1 14 10 11 2 2 13 22 4 5 17 28 21 28
29 9 25 14 19 10 24 27 5 11 23 23 16 1 25 9 29 5 20 3 21 14 14 2 21
30 9 26 13 14 2 28 9 28 1 12 3 15 1 28 17 17 1 9 29 5 25 30 15 8
16 7 10 1 9 11 23 6 14 30 11 16 5 16 21 26 23 5 7 13 12 1 29 30 2
2 25 19 8 19 26 8 13 20 6 28 26 10 4 21 12 17 11 11 20 19 21 18 17 30
13 18 7 15 24 16 8 8 14 19 27 25 3 4 12 24 7 1 27 22 1 25 7 14 9
8 23 28 29 16 24 28 24 2 6 3 14 14 9 7 17 2 24 21 1 3 25 23 19 9
27 3 8 19 13 24 1 4 2 11 22 14 13 1 22 6 12 28 17 6 17 2 7 14 23
4 27 19 4 13 24 21 30 2 20 29 28 29 13 11 21 5 24 6 10 16 29 19 9 21
22 28 6 2 13 2 21 24 3 15 28 28 11 3 8 10 7 1 30 10 21 6 5 5 9